10 1 43
10 2 56
10 3 54
10 4 51
10 5 48
10 6 72
10 7 82
10 8 98
10 9 130
10 10 145
10 11 112
10 12 120
10 13 159
10 14 143
10 15 138
10 16 170
10 17 177
10 18 175
10 19 209
10 20 243
10 21 260
10 22 258
10 23 258
10 24 273
10 25 234
10 26 261
10 27 264
10 28 296
10 29 283
10 30 328
10 31 357
10 32 319
10 33 313
10 34 326
10 35 326
10 36 348
10 37 357
10 38 368
10 39 399
10 40 405
10 41 429
10 42 428
10 43 419
10 44 482
10 45 443
10 46 470
10 47 492
10 48 760
10 49 718
10 50 497
10 51 506
10 52 495
10 53 527
10 54 534
10 55 518
10 56 567
10 57 515
10 58 537
10 59 579
10 60 555
10 61 609
10 62 579
10 63 614
10 64 643
10 65 678
10 66 639
10 67 1262
10 68 1202
10 69 862
10 70 694
10 71 824
10 72 784
10 73 677
10 74 708
10 75 716
10 76 693
10 77 707
10 78 730
10 79 788
10 80 788
10 81 758
10 82 785
10 83 821
10 84 756
10 85 794
10 86 843
10 87 830
10 88 838
10 89 1000
10 90 1305
10 91 861
10 92 907
10 93 862
10 94 873
10 95 888
10 96 956
10 97 930
10 98 924
10 99 955
10 100 947
20 1 58
20 2 27
20 3 37
20 4 47
20 5 59
20 6 83
20 7 79
20 8 89
20 9 102
20 10 117
20 11 123
20 12 135
20 13 154
20 14 176
20 15 182
20 16 184
20 17 190
20 18 203
20 19 217
20 20 246
20 21 253
20 22 255
20 23 280
20 24 291
20 25 299
20 26 336
20 27 316
20 28 321
20 29 332
20 30 353
20 31 355
20 32 371
20 33 392
20 34 393
20 35 416
20 36 414
20 37 451
20 38 436
20 39 456
20 40 463
20 41 480
20 42 489
20 43 536
20 44 506
20 45 518
20 46 527
20 47 549
20 48 574
20 49 553
20 50 584
20 51 583
20 52 639
20 53 639
20 54 621
20 55 681
20 56 655
20 57 769
20 58 1040
20 59 725
20 60 725
20 61 767
20 62 738
20 63 751
20 64 761
20 65 785
20 66 778
20 67 770
20 68 809
20 69 787
20 70 826
20 71 808
20 72 842
20 73 823
20 74 846
20 75 878
20 76 869
20 77 885
20 78 890
20 79 904
20 80 918
20 81 921
20 82 936
20 83 956
20 84 1024
20 85 1053
20 86 1049
20 87 1058
20 88 1055
20 89 1072
20 90 1265
20 91 1546
20 92 1236
20 93 1187
20 94 1221
20 95 1234
20 96 1260
20 97 1219
20 98 1224
20 99 1201
20 100 1175
30 1 44
30 2 30
30 3 42
30 4 55
30 5 67
30 6 93
30 7 117
30 8 136
30 9 162
30 10 159
30 11 169
30 12 183
30 13 193
30 14 200
30 15 210
30 16 223
30 17 238
30 18 256
30 19 267
30 20 280
30 21 301
30 22 311
30 23 327
30 24 344
30 25 354
30 26 396
30 27 393
30 28 398
30 29 454
30 30 428
30 31 447
30 32 456
30 33 477
30 34 844
30 35 868
30 36 962
30 37 925
30 38 561
30 39 582
30 40 647
30 41 616
30 42 677
30 43 653
30 44 663
30 45 897
30 46 843
30 47 687
30 48 719
30 49 765
30 50 750
30 51 748
30 52 797
30 53 811
30 54 791
30 55 805
30 56 817
30 57 862
30 58 884
30 59 851
30 60 909
30 61 882
30 62 894
30 63 1055
30 64 1431
30 65 1441
30 66 1009
30 67 994
30 68 1026
30 69 1009
30 70 1067
30 71 1095
30 72 1063
30 73 1098
30 74 1072
30 75 1121
30 76 1230
30 77 1493
30 78 1189
30 79 1166
30 80 1194
30 81 1177
30 82 1209
30 83 1241
30 84 1262
30 85 1266
30 86 1238
30 87 1306
30 88 1274
30 89 1307
30 90 1293
30 91 1339
30 92 1343
30 93 1334
30 94 1382
30 95 1388
30 96 1422
30 97 1416
30 98 1473
30 99 1994
30 100 1609
500 1 133
500 2 219
500 3 330
500 4 449
500 5 597
500 6 679
500 7 803
500 8 911
500 9 1059
500 10 1148
500 11 1303
500 12 1431
500 13 1518
500 14 1681
500 15 1803
500 16 2039
500 17 2021
500 18 2193
500 19 2335
500 20 2420
500 21 2954
500 22 3113
500 23 2839
500 24 2965
500 25 3100
500 26 3195
500 27 3336
500 28 3501
500 29 3588
500 30 3803
500 31 4228
500 32 4014
500 33 4149
500 34 4275
500 35 4429
500 36 4632
500 37 4804
500 38 5174
500 39 4975
500 40 5105
500 41 5208
500 42 5405
500 43 5886
500 44 5726
500 45 6775
500 46 5935
500 47 5995
500 48 6695
500 49 6331
500 50 6478
500 51 6522
500 52 6766
500 53 7310
500 54 6999
500 55 7033
500 56 8443
500 57 7840
500 58 7612
500 59 7638
500 60 8269
500 61 8500
500 62 8207
500 63 8195
500 64 8368
500 65 8979
500 66 8733
500 67 8779
500 68 9405
500 69 9011
500 70 9316
500 71 10164
500 72 9590
500 73 9691
500 74 11008
500 75 9907
500 76 9989
500 77 10625
500 78 10282
500 79 10352
500 80 11024
500 81 11146
500 82 10920
500 83 11909
500 84 11110
500 85 11278
500 86 11774
500 87 11528
500 88 12164
500 89 11788
500 90 13354
500 91 12469
500 92 12354
500 93 12809
500 94 12360
500 95 12958
500 96 12762
500 97 12887
500 98 13935
500 99 13349
500 100 14023
