10 1 111
10 2 39
10 3 50
10 4 64
10 5 80
10 6 95
10 7 113
10 8 128
10 9 145
10 10 174
10 11 184
10 12 196
10 13 220
10 14 251
10 15 256
10 16 281
10 17 292
10 18 309
10 19 338
10 20 379
10 21 349
10 22 391
10 23 412
10 24 394
10 25 645
10 26 783
10 27 859
10 28 900
10 29 584
10 30 567
10 31 607
10 32 608
10 33 643
10 34 1007
10 35 912
10 36 833
10 37 737
10 38 787
10 39 762
10 40 758
10 41 834
10 42 1031
10 43 869
10 44 917
10 45 1019
10 46 899
10 47 889
10 48 942
10 49 964
10 50 1001
10 51 1086
10 52 1014
10 53 1056
10 54 1112
10 55 1086
10 56 1103
10 57 1103
10 58 1168
10 59 1247
10 60 1229
10 61 1216
10 62 1618
10 63 1314
10 64 1298
10 65 1690
10 66 1414
10 67 1559
10 68 1465
10 69 1512
10 70 1496
10 71 1431
10 72 1499
10 73 1448
10 74 1549
10 75 1588
10 76 1539
10 77 1625
10 78 1598
10 79 1663
10 80 1767
10 81 2093
10 82 1727
10 83 1795
10 84 1951
10 85 1958
10 86 1925
10 87 1866
10 88 1892
10 89 1904
10 90 2018
10 91 1891
10 92 1956
10 93 1966
10 94 1975
10 95 2406
10 96 2369
10 97 2031
10 98 2072
10 99 2183
10 100 2092
20 1 43
20 2 68
20 3 108
20 4 137
20 5 153
20 6 184
20 7 216
20 8 241
20 9 303
20 10 380
20 11 355
20 12 381
20 13 416
20 14 457
20 15 526
20 16 533
20 17 643
20 18 636
20 19 697
20 20 697
20 21 723
20 22 749
20 23 825
20 24 827
20 25 880
20 26 876
20 27 916
20 28 1043
20 29 1005
20 30 1056
20 31 1186
20 32 1537
20 33 1199
20 34 1221
20 35 1226
20 36 1327
20 37 1312
20 38 1402
20 39 1591
20 40 1631
20 41 1529
20 42 1534
20 43 1628
20 44 1631
20 45 1753
20 46 1785
20 47 1708
20 48 1843
20 49 1861
20 50 2387
20 51 1946
20 52 2051
20 53 2025
20 54 2104
20 55 2087
20 56 2633
20 57 2986
20 58 2951
20 59 2472
20 60 2510
20 61 2577
20 62 2800
20 63 2662
20 64 2638
20 65 2726
20 66 2739
20 67 2734
20 68 2687
20 69 3231
20 70 3166
20 71 3312
20 72 3511
20 73 2989
20 74 3048
20 75 2978
20 76 3082
20 77 3240
20 78 3622
20 79 3186
20 80 3269
20 81 3623
20 82 3388
20 83 3423
20 84 3401
20 85 3480
20 86 3620
20 87 3942
20 88 3636
20 89 4208
20 90 3775
20 91 3789
20 92 3734
20 93 3825
20 94 3918
20 95 3965
20 96 4362
20 97 4457
20 98 4214
20 99 4114
20 100 4207
30 1 55
30 2 93
30 3 142
30 4 183
30 5 215
30 6 260
30 7 305
30 8 388
30 9 404
30 10 449
30 11 502
30 12 563
30 13 609
30 14 691
30 15 696
30 16 746
30 17 834
30 18 847
30 19 909
30 20 979
30 21 1007
30 22 1292
30 23 1380
30 24 1251
30 25 1378
30 26 1363
30 27 1400
30 28 1520
30 29 1530
30 30 1565
30 31 1574
30 32 1691
30 33 1775
30 34 1764
30 35 1881
30 36 1925
30 37 1988
30 38 2063
30 39 2135
30 40 2742
30 41 2262
30 42 2377
30 43 2708
30 44 2626
30 45 2629
30 46 2609
30 47 2668
30 48 2690
30 49 2717
30 50 3372
30 51 3640
30 52 3091
30 53 3111
30 54 3309
30 55 3489
30 56 3313
30 57 3255
30 58 3271
30 59 3435
30 60 4110
30 61 4316
30 62 3771
30 63 3758
30 64 3753
30 65 3775
30 66 3879
30 67 4472
30 68 4016
30 69 4056
30 70 4540
30 71 4260
30 72 4445
30 73 4448
30 74 5012
30 75 5024
30 76 4760
30 77 4856
30 78 5360
30 79 4829
30 80 5408
30 81 4910
30 82 5109
30 83 5323
30 84 5123
30 85 5371
30 86 5738
30 87 5287
30 88 5481
30 89 6003
30 90 5720
30 91 6379
30 92 5678
30 93 5727
30 94 5763
30 95 6230
30 96 6529
30 97 5925
30 98 6190
30 99 6720
30 100 6314
500 1 697
500 2 1478
500 3 1820
500 4 2456
500 5 3137
500 6 3894
500 7 4615
500 8 5377
500 9 6465
500 10 7831
500 11 8122
500 12 8479
500 13 10535
500 14 10462
500 15 11159
500 16 12806
500 17 13671
500 18 14325
500 19 16010
500 20 16554
500 21 17380
500 22 18113
500 23 19742
500 24 19833
500 25 21077
500 26 22507
500 27 22769
500 28 25274
500 29 25480
500 30 28502
500 31 28081
500 32 28827
500 33 29022
500 34 30442
500 35 31718
500 36 32844
500 37 34286
500 38 35232
500 39 36008
500 40 36690
500 41 37767
500 42 39298
500 43 40842
500 44 42336
500 45 42711
500 46 43560
500 47 46214
500 48 46579
500 49 47070
500 50 48255
500 51 50152
500 52 50287
500 53 51402
500 54 52827
500 55 54653
500 56 55151
500 57 56292
500 58 58168
500 59 60517
500 60 59395
500 61 61659
500 62 62314
500 63 63567
500 64 65390
500 65 66602
500 66 66782
500 67 70165
500 68 70250
500 69 70029
500 70 71273
500 71 71931
500 72 72816
500 73 75718
500 74 76268
500 75 76661
500 76 78021
500 77 80708
500 78 80900
500 79 81903
500 80 83854
500 81 84257
500 82 86411
500 83 87762
500 84 88271
500 85 88877
500 86 89122
500 87 89596
500 88 92867
500 89 94772
500 90 99314
500 91 97445
500 92 97238
500 93 97659
500 94 100524
500 95 101224
500 96 101905
500 97 102014
500 98 102873
500 99 103572
500 100 106126
